Population	#SNPs	GD1	GD2	GD3	EA1	EA2	EA3	EA4	AF1	AF2	AF3	EU1	EU2	EU3	SA1	SA2	IC1	IC2	IC3
Afghanistan	280050	1.5001	1.3459	0.0041	2.1810	-1.8790	0.6944	2.2499	3.0438	2.2969	4.5366	0.4211	-0.5074	-0.2089	0.2036	1.1468	0.7259	-0.2488	1.7321
Albania	278722	1.4664	1.4270	0.0063	2.5737	-2.3494	0.9562	2.7009	3.3265	2.6124	5.1244	0.5865	-0.9432	-0.8375	0.7363	1.8552	-0.0106	-0.9397	-0.8579
Algeria	280545	1.3801	1.3489	-0.0058	2.6764	-2.2861	1.0651	2.7442	2.2178	1.8719	3.7943	1.7426	-1.0049	-1.7030	0.6061	1.5468	-0.1207	-0.2261	-0.6819
Angola	280134	1.0799	1.1005	0.0028	2.8974	-2.0861	1.2965	2.8080	0.0201	-0.5639	-0.2654	3.1622	-0.4339	-1.5829	0.5790	0.5212	-0.2630	2.6879	1.1378
Antigua	280174	1.1219	1.1301	-0.0079	2.8394	-2.1173	1.2525	2.7880	-0.3028	0.1871	0.6397	2.7693	-0.4797	-1.4874	0.6236	0.6629	-0.2502	2.3581	0.9202
Argentina	279315	1.4988	1.3670	-0.0003	2.0030	-1.9541	0.6398	2.1846	3.2239	2.5039	4.8138	0.0944	-0.5071	-0.5930	1.3419	1.5269	-0.6041	0.3217	-0.0725
Armenia	281686	1.4620	1.3982	0.0044	2.5543	-2.2412	0.9422	2.6118	3.1463	2.4608	4.7254	1.2235	-0.9776	-1.0250	0.2831	1.7345	0.3217	-0.9175	0.4800
Aruba	280873	1.1285	1.1342	-0.0106	2.8298	-2.1185	1.2437	2.7940	-0.2191	0.1669	0.6998	2.7083	-0.4832	-1.4792	0.6158	0.6797	-0.2481	2.3140	0.8900
Australia	279787	1.4761	1.4365	-0.0006	2.5360	-2.3451	0.9283	2.6959	3.4641	2.7294	5.3992	-0.7841	-0.8837	-0.5632	1.0540	1.8644	-0.0865	-0.6507	-0.9573
Austria	279948	1.4752	1.4332	0.0002	2.5297	-2.3357	0.9277	2.6891	3.4396	2.7034	5.3455	-0.4767	-0.7548	-0.2588	1.0123	1.8567	-0.0717	-0.6973	-0.9270
Azerbaijan	281045	1.4765	1.3822	0.0019	2.3504	-2.1272	0.8208	2.4412	3.1325	2.4012	4.6778	1.0597	-0.8294	-0.8837	0.4070	1.6396	0.3051	-0.7313	0.6395
Bangladesh	280425	1.5459	1.2659	-0.0037	1.7698	-1.3576	0.4955	1.7014	2.7568	2.0353	4.0887	0.5238	-0.0696	0.0002	.	0.3391	0.9946	0.3677	2.3977
Barbados	280422	1.1239	1.1306	-0.0097	2.8459	-2.1075	1.2510	2.7868	-0.3072	0.2788	0.8958	2.7408	-0.4731	-1.4617	0.6321	0.6641	-0.2444	2.3406	0.9184
Belgium	279798	1.4745	1.4356	0.0000	2.5431	-2.3455	0.9393	2.6990	3.4394	2.7002	5.3681	-0.5690	-0.8445	-0.6038	1.0182	1.8585	-0.0837	-0.6914	-0.9841
Bolivia	280722	1.5519	1.3092	0.0245	1.1966	-1.4067	0.1791	1.4981	3.2386	2.4611	4.5703	-0.2308	0.1536	0.1335	1.9662	1.1767	-1.2994	1.6745	1.1104
Botswana	280631	1.0984	1.1110	-0.0001	2.8566	-2.0646	1.2760	2.7679	0.9281	-0.2382	-0.1994	2.9737	-0.4368	-1.5484	0.5927	0.5931	-0.2286	2.5489	1.1320
Brazil	280353	1.4093	1.3410	-0.0121	2.4115	-2.1425	0.9082	2.5415	2.6243	2.0434	4.0794	0.6248	-0.7101	-1.0008	1.0049	1.4811	-0.3172	0.2919	-0.3348
British	279598	1.4760	1.4370	-0.0004	2.5380	-2.3480	0.9293	2.6999	3.4642	2.7306	5.4061	-0.7775	-0.8752	-0.5673	1.0545	1.8660	-0.0884	-0.6543	-0.9685
Brunei	279842	1.7057	1.0975	-0.0014	-0.3644	-0.7451	-0.4929	-1.0212	2.5783	1.8613	3.5972	0.6802	1.2304	0.5404	3.5168	0.2102	0.0583	1.7490	3.1639
Bulgaria	280127	1.4710	1.4238	0.0024	2.5272	-2.3105	0.9200	2.6659	3.3721	2.6176	5.1512	0.2452	-0.7780	-0.2807	0.8309	1.8298	-0.0032	-0.8227	-0.7343
Burundi	280503	1.1281	1.1317	-0.0038	2.8387	-2.0684	1.2484	2.7696	0.5276	-0.1797	-0.1013	3.0182	-0.5234	-1.6121	0.5387	0.6706	-0.2006	2.2320	1.0084
Cambodia	280627	1.6829	1.1166	-0.0038	0.4078	-0.8234	-0.1222	-0.6772	2.5664	1.8484	3.6339	0.7062	1.0403	0.4497	3.1450	0.2181	0.2096	1.5451	3.0065
Cameroon	280432	1.0793	1.1000	0.0023	2.8967	-2.0806	1.2994	2.8133	-0.2693	-0.6281	-0.1707	3.1620	-0.4335	-1.5818	0.5640	0.5276	-0.2548	2.6911	1.1542
Caribbean	280248	1.1247	1.1313	-0.0090	2.8425	-2.1101	1.2485	2.7894	-0.2524	0.0977	0.6492	2.7458	-0.4768	-1.4682	0.6213	0.6635	-0.2424	2.3384	0.9278
Chile	279728	1.5191	1.3467	0.0076	1.7062	-1.7298	0.4773	1.9351	3.2389	2.4858	4.7496	-0.0824	-0.2679	-0.3317	1.5680	1.4020	-0.8757	0.8080	0.3283
China	280373	1.7053	1.0994	-0.0009	.	.	.	.	2.6040	1.8609	3.6110	0.6664	1.2255	0.5663	3.5183	0.2215	0.0371	1.7489	3.1603
Colombia	280444	1.5101	1.3416	0.0071	1.7324	-1.7477	0.4886	1.9558	3.1518	2.4425	4.6596	-0.0038	-0.2810	-0.3837	1.5559	1.3857	-0.8901	0.8639	0.3254
Congo	280168	1.0805	1.1004	0.0021	2.8870	-2.0854	1.2886	2.8120	0.0226	-0.5521	-0.2859	3.1445	-0.4317	-1.5688	0.5787	0.5281	-0.2545	2.6846	1.1543
Croatia	279795	1.4746	1.4293	0.0015	2.5135	-2.3265	0.9161	2.6638	3.4157	2.6676	5.2746	-0.1896	-0.6991	0.0564	0.9713	1.8498	-0.0483	-0.7467	-0.8636
Cyprus	279705	1.4519	1.4070	0.0062	2.6020	-2.3260	0.9678	2.6966	3.1445	2.3977	4.7273	1.3609	-1.0537	-1.2830	0.4269	1.7842	0.1235	-0.9732	-0.3137
Czech	279867	1.4763	1.4324	0.0003	2.5104	-2.3206	0.9167	2.6754	3.4387	2.6810	5.3484	-0.5386	-0.6219	0.2600	1.0472	1.8506	-0.0642	-0.6771	-0.8730
Denmark	279981	1.4780	1.4369	-0.0006	2.5144	-2.3364	0.9151	2.6824	3.4818	2.7384	5.4290	-0.8095	-0.6886	-0.3094	1.0844	1.8621	-0.0859	-0.6405	-0.9417
Ecuador	280608	1.5559	1.3001	0.0267	1.1231	-1.3574	0.1367	1.4041	3.2103	2.4268	4.5116	-0.2048	0.2207	0.1918	2.0276	1.1231	-1.3533	1.8106	1.2809
Egypt	280629	1.3938	1.3523	-0.0029	2.6385	-2.2623	1.0270	2.6920	2.4681	1.8950	3.7548	1.9902	-1.0135	-1.5713	0.3666	1.5838	0.0579	-0.4666	-0.0984
Eritrea	280651	1.2953	1.2583	-0.0113	2.6775	-2.1484	1.1008	2.6782	1.5208	1.0994	2.0062	2.5829	-0.8428	-1.6885	0.3931	1.2137	-0.0396	0.5495	0.3362
Estonia	280715	1.4867	1.4258	-0.0017	2.3999	-2.2422	0.8552	2.5707	3.4557	2.7550	5.3869	-0.9314	-0.1219	0.9971	1.2238	1.8148	-0.0858	-0.5044	-0.7372
Ethiopia	280275	1.2897	1.2529	-0.0122	2.6891	-2.1313	1.1098	2.6797	1.4739	1.0748	1.9215	2.5766	-0.8367	-1.6789	0.4123	1.1948	-0.0394	0.6119	0.3778
Finland	279732	1.4956	1.4156	0.0005	2.2631	-2.1642	0.7797	2.4634	3.4510	2.7132	5.3495	-0.9598	.	0.5464	1.3484	1.7366	-0.1055	-0.3732	-0.5864
France	279854	1.4712	1.4341	0.0003	2.5593	-2.3551	0.9483	2.7139	3.4142	2.6876	5.3117	-0.3417	-0.9242	.	0.9761	1.8628	-0.0981	-0.7215	-1.0643
Gambia	280016	1.0903	1.1088	0.0014	2.8854	-2.0973	1.2908	2.8030	-0.6246	0.3426	0.2258	3.1141	-0.4577	-1.6044	0.5614	0.5590	-0.2555	2.6089	1.0536
Germany	279672	1.4758	1.4353	-0.0004	2.5318	-2.3411	0.9268	2.6933	3.4515	2.7161	5.3817	-0.6555	-0.7887	-0.3710	1.0430	1.8606	-0.0805	-0.6693	-0.9480
Ghana	280181	1.0779	1.0991	0.0003	2.8949	-2.0911	1.2934	2.8149	-0.8280	.	0.1888	3.1542	-0.4354	-1.5769	0.5707	0.5275	-0.2631	2.6929	1.1297
Greece	279491	1.4623	1.4196	0.0034	2.5820	-2.3407	0.9576	2.7044	3.2776	2.5425	4.9992	0.7500	-0.9504	-0.8693	0.6489	1.8320	0.0426	-0.9234	-0.6427
Guianas	280170	1.1268	1.1316	-0.0095	2.8353	-2.1080	1.2438	2.7812	-0.1933	0.2985	0.6584	2.7478	-0.4709	-1.4644	0.6229	0.6635	-0.2433	2.3320	0.9260
Guinea	280685	1.0834	1.1027	-0.0005	2.8853	-2.1026	1.2956	2.8083	-0.7381	0.4914	0.1907	3.1394	-0.4481	-1.5840	0.5609	0.5272	-0.2664	2.6658	1.1036
Hong Kong	280353	1.7060	1.0976	-0.0009	-0.2245	-0.7681	-0.3963	-1.0285	2.5868	1.8525	3.6036	0.6807	1.1975	0.5433	3.5127	0.2055	0.0651	1.7337	3.1505
Hungary	279442	1.4767	1.4267	-0.0002	2.4889	-2.3031	0.9045	2.6498	3.4038	2.6523	5.2778	-0.3198	-0.6614	0.0646	1.0038	1.8282	-0.0503	-0.6869	-0.8024
Iceland	279446	1.4787	1.4370	0.0002	2.5073	-2.3302	0.9044	2.6829	3.4887	2.7420	5.4356	-0.9189	-0.7377	-0.3858	1.1073	1.8546	-0.0865	-0.6084	-0.9178
India	280434	1.5113	1.3187	0.0008	2.1226	-1.6641	0.6809	2.1412	2.9168	2.1743	4.3496	0.4397	-0.3878	-0.1340	-0.0842	.	0.9469	-0.0428	2.0436
Indonesia	280773	1.7044	1.0998	-0.0014	-0.3180	-0.7531	-0.4483	-0.9870	2.5854	1.8257	3.6130	0.6754	1.1899	0.5343	3.4780	0.2030	0.0744	1.7266	3.1543
Iran	280245	1.4691	1.3832	0.0057	2.4330	-2.1762	0.8439	2.5083	3.1039	2.3500	.	1.0564	-0.8551	-0.8278	0.2605	1.6182	0.3944	-0.7316	.
Iraq	280386	1.4552	1.3876	0.0071	2.5177	-2.2306	0.9037	2.5882	3.0433	2.3023	4.5418	1.3092	-0.9479	-1.0602	0.2548	1.6706	0.3131	-0.8066	0.5441
Irish	279627	1.4774	1.4379	-0.0001	2.5309	-2.3454	0.9224	2.6958	3.4810	2.7445	5.4283	.	.	-0.5781	1.0682	1.8698	-0.0856	-0.6285	-0.9293
Israel	280648	1.4427	1.3956	0.0120	2.5995	-2.2929	0.9727	2.6625	3.0132	2.3051	4.5064	1.4936	-1.0453	-1.3246	0.3056	1.7208	0.1828	-0.8542	0.0106
Italy	279738	1.4616	1.4247	0.0034	2.5967	-2.3585	0.9700	2.7275	3.2979	2.5679	5.0670	.	-0.9998	-1.0686	0.7319	1.8409	-0.0183	.	.
Ivory Coast	281012	1.0777	1.0985	0.0012	2.8792	-2.0952	1.2860	2.8074	-0.7711	0.7180	0.1695	3.1541	-0.4301	-1.5828	0.5669	0.5265	-0.2597	2.7078	1.1435
Japan	280235	1.7021	1.1026	0.0010	-0.7845	.	-0.8131	-0.8473	2.5833	1.8648	3.6144	0.6515	1.2933	0.5983	3.3408	0.2153	-0.0099	1.8004	3.1792
Jordan	280780	1.4327	1.3799	0.0029	2.5676	-2.2561	0.9580	2.6469	2.8518	2.1502	4.3012	1.6074	-1.0167	-1.3314	0.3776	1.6744	0.1499	-0.7346	0.0250
Kashmir	280686	1.5016	1.3342	0.0044	2.2398	-1.7736	0.7203	2.2615	2.9846	2.1918	4.4121	0.4167	-0.4794	-0.1491	-0.0876	1.0208	0.8977	-0.1659	1.9887
Kenya	280585	1.1511	1.1453	-0.0091	2.8006	-2.0800	1.2252	2.7397	0.6826	0.0000	0.0879	2.9639	-0.5611	-1.6137	0.5290	0.7389	-0.1778	2.0132	0.9201
Korea	280482	1.7062	1.0998	0.0020	-0.9427	-0.0547	-0.9513	-0.9077	2.6165	1.8816	3.6164	0.6586	1.3398	0.6362	3.5183	0.2279	-0.0371	1.8316	3.2280
Kosovo	280519	1.4659	1.4285	0.0038	2.6044	-2.3267	0.9691	2.7229	3.3638	2.5801	5.1326	0.4612	-0.9279	-0.7475	0.7777	1.8710	-0.0259	-0.9288	-0.9076
Kuwait	280664	1.4331	1.3863	0.0092	2.5963	-2.2731	0.9826	2.6687	2.9001	2.1903	4.3536	1.6089	-1.0434	-1.3241	0.3054	1.6809	0.1871	-0.7908	0.0709
Kyrgyzstan	280738	1.5884	1.2495	-0.0107	0.7543	-1.2787	-0.1002	1.0096	2.9350	2.1077	4.2793	0.3126	0.3350	0.2603	1.9264	0.9051	0.1425	0.6719	1.9895
Laos	279538	1.6886	1.1069	-0.0061	0.6147	-0.8135	0.0255	-0.7969	2.5022	1.8376	3.5943	0.7135	1.0161	0.4871	3.3089	0.1835	0.1978	1.5958	3.0112
Latvia	279968	1.4835	1.4300	0.0017	2.4352	-2.2781	0.8741	2.6033	3.4728	2.7230	5.3959	-0.9169	-0.2674	1.1960	1.2041	1.8230	-0.0719	-0.5402	-0.7674
Lebanon	280327	1.4441	1.3981	0.0081	2.6054	-2.3044	0.9705	2.6872	3.0096	2.3176	4.5533	1.5504	-1.0712	-1.3646	0.3013	1.7514	0.1803	-0.9275	-0.0425
Liberia	280847	1.0774	1.0988	0.0010	2.8770	-2.0744	1.2846	2.8243	-0.8296	0.5680	0.1723	3.1527	-0.4308	-1.5714	0.5808	0.5236	-0.2679	2.7013	1.1246
Libya	280053	1.3884	1.3511	-0.0040	2.6401	-2.2491	1.0387	2.7148	2.3090	1.8748	3.7981	1.8383	-1.0109	-1.6587	0.4963	1.5628	-0.0442	-0.3369	-0.4455
Lithuania	280049	1.4823	1.4314	0.0016	2.4483	-2.2860	0.8809	2.6200	3.4662	2.7365	5.4109	-0.9078	-0.3191	1.2014	1.1772	1.8324	-0.0688	-0.5590	-0.7925
Luxembourg	281467	1.4732	1.4337	0.0003	2.5310	-2.3506	0.9341	2.6943	3.4259	2.7197	5.3531	-0.5089	-0.8658	-0.6544	1.0262	1.8468	-0.0715	-0.6858	-0.9460
Macedonia	280636	1.4702	1.4263	0.0023	2.5510	-2.3170	0.9415	2.6752	3.3458	2.6428	5.1669	0.2841	-0.8171	-0.3960	0.8424	1.8469	-0.0156	-0.8530	-0.8232
Malawi	278895	1.0836	1.1016	0.0008	2.8861	-2.0905	1.2930	2.8028	0.5087	-0.5305	-0.4054	3.1503	-0.4515	-1.5727	0.5696	0.5199	-0.2444	2.6423	1.1478
Malaysia	280254	1.7055	1.0984	-0.0009	-0.3215	-0.7581	-0.4664	-1.0115	2.5880	1.8526	3.6060	0.6757	1.2018	0.5467	3.5084	0.2100	0.0560	1.7401	3.1538
Mauritius	280432	1.5303	1.2767	-0.0020	1.9433	-1.3646	0.6092	1.8925	2.7304	2.0061	4.0621	0.5838	-0.1827	-0.0808	-0.1752	0.2769	1.1305	0.2645	2.3800
Mexico	280168	1.5247	1.3210	0.0087	1.5030	-1.5871	0.3616	1.7365	3.1291	2.4020	4.5600	-0.0595	-0.0903	-0.1788	1.7450	1.2818	-0.9771	1.1747	0.6872
Mongolia	280041	1.6645	1.1531	-0.0027	-0.4489	-0.5359	-0.7741	-0.1001	2.7628	2.0171	3.8438	0.4130	1.1838	0.6302	3.0006	0.4722	-0.0590	1.5368	2.8229
Morocco	280511	1.3668	1.3376	-0.0072	2.6828	-2.2666	1.0779	2.7492	2.0499	1.7966	3.6226	1.8288	-0.9956	-1.7705	0.6172	1.5098	-0.1485	-0.0953	-0.6595
Mozambique	280032	1.2363	1.2143	-0.0206	2.7554	-2.1352	1.1581	2.7570	1.5293	0.7733	1.7947	2.0102	-0.6310	-1.3358	0.6242	0.9681	-0.1347	1.3700	0.4567
Nepal	280438	1.6685	1.1324	0.0029	-0.4895	-0.8286	-0.8605	.	2.5832	1.8423	3.6400	0.6405	1.0289	0.4822	2.9758	0.2159	0.2215	1.5478	3.0488
Netherlands	279643	1.4761	1.4368	-0.0003	2.5377	-2.3470	0.9291	2.6943	3.4606	2.7296	5.4048	-0.7029	-0.7799	-0.4791	1.0534	1.8638	-0.0806	-0.6693	-0.9559
New Zealand	279656	1.4764	1.4366	-0.0004	2.5332	-2.3481	0.9274	2.6944	3.4608	2.7272	5.4051	-0.7979	-0.8843	-0.5648	1.0601	1.8651	-0.0884	-0.6471	-0.9575
Nigeria	280334	1.0766	1.0979	0.0002	2.8922	-2.0934	1.2921	2.8125	.	.	0.0881	3.1675	-0.4325	-1.5786	0.5724	0.5221	-0.2657	2.7048	1.1340
Norway	280090	1.4796	1.4355	-0.0001	2.4938	-2.3291	0.9028	2.6694	3.4713	2.7387	5.4268	-0.8628	-0.6574	-0.3144	1.1117	1.8495	-0.0903	-0.6155	-0.9107
Pakistan	280464	1.5052	1.3311	0.0070	2.1636	-1.7479	0.6931	2.2000	2.9586	2.2155	4.4110	0.4574	-0.4483	-0.1687	-0.0406	.	0.8947	-0.1351	1.9945
Palestine	280464	1.4327	1.3855	0.0049	2.6227	-2.2815	0.9785	2.6861	2.8994	2.1987	4.3444	1.6275	-1.0377	-1.3832	0.3271	1.6959	0.1579	-0.7898	-0.0281
Peru	280342	1.5526	1.3097	0.0240	1.2153	-1.4336	0.1960	1.4764	3.2337	2.4492	4.5901	-0.2444	0.1459	0.1273	1.9783	1.1728	-1.2384	1.6102	1.0965
Philippines	280382	1.6850	1.1134	0.0010	0.2982	-0.7124	.	-0.8573	2.5375	1.8296	3.6153	0.7014	1.0406	0.4261	3.1171	0.2156	0.1552	1.5977	2.9850
Poland	279599	1.4794	1.4308	0.0003	2.4797	-2.3088	0.8975	2.6460	3.4434	2.7057	5.3624	-0.6676	-0.4974	.	1.0994	1.8408	-0.0633	-0.6256	-0.8286
Portugal	279684	1.4545	1.4198	-0.0005	2.5948	-2.3436	0.9841	2.7330	3.2010	2.5276	5.0347	0.1688	-0.9966	-1.1488	0.8969	1.8059	-0.1240	-0.6530	-1.1141
Romania	279582	1.4744	1.4220	-0.0003	2.4883	-2.3128	0.9037	2.6352	3.3701	2.6314	5.1822	0.0376	-0.7292	-0.1811	0.9185	1.8217	-0.0227	-0.7538	-0.7348
Russia	280194	1.4882	1.4185	-0.0011	2.3454	-2.2128	0.8215	2.5285	3.4228	2.6897	5.3162	-0.6869	-0.2877	0.8982	1.1953	1.7850	-0.0617	-0.5082	-0.6161
Rwanda	280173	1.1173	1.1237	-0.0033	2.8303	-2.0740	1.2505	2.7722	0.3803	-0.2741	-0.2483	3.0569	-0.4930	-1.5819	0.5611	0.6382	-0.2153	2.3306	1.0373
Senegal	280892	1.0947	1.1103	0.0015	2.8736	-2.0628	1.2742	2.8170	-0.6144	0.3632	0.2590	3.1068	-0.4339	-1.5753	0.5522	0.5334	-0.2467	2.6000	1.0612
Serbia	280137	1.4723	1.4283	0.0024	2.5372	-2.3362	0.9349	2.6801	3.3985	2.6432	5.2307	-0.0017	-0.7347	-0.0877	0.9041	1.8487	-0.0346	-0.7860	-0.8397
Sierra Leone	280242	1.0808	1.1011	0.0012	2.8867	-2.0882	1.2956	2.8104	-0.6980	0.4747	0.1656	3.1411	-0.4352	-1.5812	0.5655	0.5297	-0.2612	2.6881	1.1222
Singapore	280229	1.7058	1.0978	-0.0026	-0.3109	-0.7557	-0.4569	-1.0094	2.5834	1.8563	3.6087	0.6766	1.2014	0.5483	3.5038	0.2112	0.0613	1.7287	3.1435
Slovakia	280277	1.4790	1.4288	-0.0003	2.4869	-2.2877	0.8983	2.6426	3.4197	2.6432	5.3261	-0.4907	-0.5904	0.3906	1.0564	1.8419	-0.0622	-0.6643	-0.8334
Slovenia	280528	1.4763	1.4316	0.0017	2.5048	-2.3234	0.9161	2.6716	3.4426	2.6899	5.3374	-0.3643	-0.6492	0.2133	1.0067	1.8378	-0.0484	-0.7197	-0.8742
Somalia	280083	1.2513	1.2250	-0.0050	2.7029	-2.1181	1.1417	2.6804	1.1243	0.7830	1.3502	2.7056	-0.7685	-1.7061	0.4153	1.0595	-0.0835	1.0006	0.4782
South Africa	280116	1.0873	1.1041	0.0035	2.8600	-2.0931	1.2781	2.7838	0.8539	-0.3666	-0.3569	3.1047	-0.4374	-1.5619	0.5739	0.5407	-0.2378	2.6299	1.1538
Spain	279860	1.4609	1.4269	0.0008	2.5851	-2.3503	0.9752	2.7316	3.2859	2.6007	5.1425	0.0508	-1.0079	-1.1389	0.9141	1.8379	-0.1365	-0.6940	-1.1818
Sri Lanka	280479	1.5270	1.2770	0.0038	1.9651	-1.3498	0.6244	1.9035	2.7024	1.9835	4.0112	0.7101	-0.2078	-0.1438	.	0.2706	1.2017	0.2361	2.5251
Sudan	280295	1.2890	1.2581	-0.0079	2.6922	-2.1647	1.1035	2.6987	1.4486	1.0985	2.0462	2.5013	-0.8260	-1.6401	0.4083	1.2027	-0.0380	0.6146	0.3602
Sweden	279868	1.4807	1.4345	-0.0004	2.4825	-2.3150	0.8985	2.6545	3.4770	2.7411	5.4288	-0.8639	-0.5399	-0.1449	1.1268	1.8452	-0.0907	-0.5984	-0.9007
Switzerland	279687	1.4725	1.4339	0.0005	2.5516	-2.3562	0.9398	2.7034	3.4116	2.6844	5.3220	-0.3398	-0.8596	-0.6783	0.9749	1.8583	-0.0773	-0.7316	-0.9907
Syria	280422	1.4502	1.3937	0.0051	2.5688	-2.2826	0.9271	2.6393	3.0564	2.3381	4.5831	1.3653	-1.0023	-1.1844	0.3429	1.7133	0.2192	-0.8494	0.1740
Taiwan	279869	1.7061	1.0986	-0.0004	-0.4626	-0.7429	-0.5762	-1.0006	2.6008	1.8754	3.6145	0.6709	1.2175	0.5576	3.5189	0.2095	0.0433	1.7490	3.1711
Tanzania	280290	1.1119	1.1198	-0.0030	2.8429	-2.0772	1.2594	2.7774	0.5440	-0.3223	-0.2723	3.0333	-0.4826	-1.5616	0.5673	0.6208	-0.2149	2.3929	1.0618
Thailand	280528	1.6823	1.1165	-0.0045	.	-0.8261	-0.1235	-0.6349	2.5731	1.8362	3.6266	0.6884	1.0145	0.4505	3.1545	0.2100	0.2050	1.5605	3.0319
Togo	280771	1.0779	1.0995	0.0005	2.8982	-2.0840	1.2893	2.8114	-0.8671	0.1368	0.1557	3.1480	-0.4506	-1.5830	0.5769	0.5314	-0.2721	2.6863	1.1184
Tunisia	279538	1.3788	1.3459	-0.0026	2.6530	-2.2807	1.0424	2.7307	2.2457	1.8471	3.7188	1.7767	-0.9784	-1.6338	0.5710	1.5424	-0.0731	-0.2270	-0.4931
Turkey	280123	1.4685	1.3925	0.0099	2.4372	-2.2147	0.8538	2.5275	3.1478	2.3893	4.7025	1.1003	-0.8920	-0.9338	0.3876	1.6868	0.2865	-0.8057	0.5101
Uganda	280348	1.0970	1.1090	0.0003	2.8601	-2.0737	1.2681	2.7799	0.3004	-0.3921	.	3.0997	-0.4533	-1.5641	0.5689	0.5710	-0.2279	2.5384	1.1376
Ukraine	279880	1.4808	1.4266	0.0002	2.4481	-2.2903	0.8723	2.6150	3.4306	2.6922	5.3240	-0.5834	-0.4554	0.7741	1.1052	1.8237	-0.0530	-0.6127	-0.7477
United Kingdom	279749	1.4759	1.4370	-0.0003	2.5346	-2.3472	0.9282	2.6977	3.4630	2.7298	5.4063	-0.7857	-0.8809	-0.5671	1.0547	1.8641	-0.0883	-0.6526	-0.9639
USA	279779	1.4719	1.4305	0.0000	2.5395	-2.3371	0.9326	2.6917	3.3982	2.6681	5.2798	-0.4029	-0.8770	-0.6336	0.9620	1.8463	-0.0619	-0.6946	-0.8758
Venezuela	280814	1.4915	1.3521	0.0008	1.9574	-1.8645	0.6196	2.1417	3.1038	2.4384	4.6651	0.0565	-0.3953	-0.4805	1.4171	1.4663	-0.6940	0.5949	0.0426
Vietnam	280420	1.7005	1.1012	-0.0015	0.0499	-0.7923	-0.2485	-0.9717	2.5725	1.8304	3.6017	0.6872	1.1445	0.5091	3.4577	0.2026	0.1015	1.6957	3.1126
Wes tIndies	280190	1.1325	1.1377	-0.0109	2.8319	-2.1080	1.2393	2.7852	-0.1455	0.1793	0.7391	2.6771	-0.4915	-1.4536	0.6379	0.6967	-0.2427	2.2651	0.8631
Yemen	280077	1.4062	1.3537	-0.0007	2.5924	-2.2100	0.9918	2.6354	2.5986	1.9135	3.7773	2.0059	-1.0020	-1.5433	0.2658	1.5765	0.1185	-0.5371	0.0833
Zambia	280143	1.0824	1.1011	0.0016	2.8899	-2.0723	1.2912	2.8033	0.3467	-0.5525	-0.3864	3.1346	-0.4346	-1.5605	0.5741	0.5294	-0.2531	2.6679	1.1480
Zimbabwe	280045	1.0829	1.1017	0.0012	2.8848	-2.0831	1.2879	2.8031	.	-0.5036	-0.3879	3.1330	-0.4365	-1.5693	0.5708	0.5332	-0.2479	2.6550	1.1493
HGDP-Adygei	279515	1.4789	1.3976	0.0068	2.3934	-2.2187	0.8135	2.5057	3.2713	2.5180	4.8885	0.6211	-0.7679	-0.5269	0.5746	1.6931	0.2580	-0.7339	0.5000
HGDP-Balochi	279516	1.4769	1.3615	0.0226	2.3743	-1.9772	0.8004	2.4066	3.0038	2.2132	4.4288	0.7698	-0.6657	-0.4437	-0.1655	1.2858	0.7439	-0.4171	1.7530
HGDP-Bantu Kenya	279285	1.1026	1.1147	0.0030	2.8743	-2.0843	1.2705	2.7839	0.3428	-0.3446	-0.5463	3.1253	-0.4642	-1.5837	0.5822	0.5727	-0.2256	2.5021	1.1142
HGDP-Bantu South Africa	279625	1.0799	1.1037	0.0090	2.8859	-2.0960	1.2948	2.8453	0.6803	-0.3793	-0.3909	3.1415	-0.4017	-1.5631	0.5588	0.5158	-0.2513	2.6985	1.1726
HGDP-Basque	279875	1.4684	1.4429	0.0095	2.5972	-2.3727	0.9781	2.7692	3.4416	2.7675	5.3599	-0.2302	-1.0491	-1.2372	0.9976	1.8836	-0.1968	-0.6983	-1.4219
HGDP-Bedouin	279800	1.4144	1.3761	0.0163	2.6110	-2.2772	1.0003	2.6972	2.7074	2.0436	4.0505	1.9111	-1.0454	-1.5424	0.3084	1.6531	0.1076	-0.6773	-0.0259
HGDP-Bergamo Italian	280217	1.4658	1.4341	0.0074	2.6198	-2.3665	0.9812	2.7454	3.3870	2.6407	5.2241	0.2646	-1.0032	-1.0785	0.8357	1.8714	-0.0766	-0.8700	-1.1081
HGDP-Biaka	279262	1.0828	1.1105	0.0282	2.8802	-2.0636	1.3229	2.8088	0.4550	-0.1671	-0.4283	3.1235	-0.4072	-1.5369	0.5960	0.5302	-0.2328	2.6970	1.2274
HGDP-Bougainville	280141	1.5788	1.1830	0.0474	1.1296	-0.6066	0.9063	0.5580	2.2631	1.6093	3.3704	0.8664	0.5100	0.0595	1.2722	0.1511	0.5757	1.2292	2.5382
HGDP-Brahui	279626	1.4769	1.3591	0.0140	2.3906	-1.9811	0.8097	2.4245	2.9902	2.2446	4.4214	0.8017	-0.6770	-0.4727	-0.2142	1.2960	0.7480	-0.4364	1.7625
HGDP-Burusho	279657	1.5224	1.3181	0.0021	1.8897	-1.6979	0.5252	2.0290	3.0042	2.2816	4.4155	0.3976	-0.2970	-0.0500	0.4819	0.9643	0.7312	-0.0024	2.0350
HGDP-Cambodian	279557	1.6756	1.1217	0.0003	0.7461	-0.8328	0.0188	-0.5593	2.5992	1.9017	3.5876	0.6945	0.9873	0.4527	3.1040	0.1945	0.2547	1.5423	3.0148
HGDP-Colombian	280041	1.6204	1.2447	0.0929	0.1646	-0.6992	-0.3901	0.5144	3.2644	2.4542	4.2551	-0.6068	1.0257	1.1023	2.8469	0.6944	-2.1177	3.5659	2.8067
HGDP-Dai	279403	1.7012	1.1014	0.0037	0.3477	-0.8072	-0.0470	-0.9852	2.5611	1.8951	3.5777	0.6900	1.1471	0.5544	3.5416	0.1608	0.1333	1.6824	3.1454
HGDP-Daur	279548	1.6903	1.1218	0.0060	-0.8257	-0.3164	-0.9552	-0.5857	2.6971	1.9567	3.7057	0.5663	1.3860	0.6879	3.3871	0.3226	-0.0903	1.7895	3.1285
HGDP-Druze	280117	1.4452	1.4025	0.0154	2.6232	-2.3226	0.9720	2.6977	3.0929	2.3891	4.5900	1.4973	-1.0610	-1.3108	0.3202	1.7484	0.1904	-0.9251	-0.0182
HGDP-French	279551	1.4715	1.4354	0.0023	2.5656	-2.3526	0.9569	2.7227	3.4425	2.7060	5.3275	-0.3489	-0.9055	-0.7846	0.9820	1.8567	-0.0977	-0.7172	-1.0591
HGDP-Han	279611	1.7082	1.0978	0.0030	-0.4653	-0.7413	-0.5750	-1.0187	2.6327	1.8809	3.6068	0.6791	1.2640	0.5887	3.5742	0.1886	0.0426	1.7937	3.2210
HGDP-Hazara	279572	1.5875	1.2473	-0.0045	0.7737	-1.2469	-0.0889	1.0028	2.9172	2.1434	4.2296	0.4317	0.3795	0.2250	1.8164	0.8786	0.2307	0.6395	2.1617
HGDP-Hezhen	279788	1.6940	1.1158	0.0045	-0.8637	-0.3191	-0.9713	-0.6404	2.6736	1.9009	3.6568	0.5680	1.3955	0.6893	3.3725	0.2920	-0.0780	1.8304	3.2027
HGDP-Japanese	279358	1.7036	1.1026	0.0045	-0.8048	0.7651	-0.8244	-0.8693	2.6133	1.8922	3.6109	0.6707	1.3134	0.6131	3.3558	0.1987	-0.0129	1.8267	3.2206
HGDP-Kalash	279547	1.4971	1.3589	0.0186	2.2247	-1.9639	0.7127	2.3101	3.1114	2.3543	4.6113	0.2548	-0.5169	-0.0945	0.2147	1.2350	0.7342	-0.2575	1.8521
HGDP-Karitiana	280176	1.6287	1.2500	0.1120	0.1270	-0.6773	-0.4305	0.4592	3.2778	2.4580	4.3107	-0.6873	1.0645	1.1880	2.8805	0.6415	-2.1667	3.6273	2.8354
HGDP-Lahu	279959	1.6949	1.1084	0.0109	0.0979	-0.8093	-0.3560	-0.6764	2.6338	1.8896	3.5948	0.7225	1.1848	0.5191	3.5226	0.2069	0.1128	1.7154	3.1809
HGDP-Makrani	279673	1.4627	1.3563	0.0169	2.4317	-2.0264	0.8355	2.4590	2.9397	2.1790	4.3007	0.9137	-0.7012	-0.5428	-0.1832	1.3166	0.6994	-0.3854	1.7195
HGDP-Mandenka	279508	1.0841	1.1067	0.0068	2.9049	-2.1053	1.2941	2.8330	-0.6891	0.3404	0.1794	3.1884	-0.4369	-1.6259	0.5776	0.5240	-0.2766	2.6812	1.0796
HGDP-Maya	280109	1.6079	1.2494	0.0618	0.3835	-0.8168	-0.2775	0.7326	3.2389	2.4019	4.3028	-0.4754	0.8573	0.9095	2.6616	0.7735	-1.8847	3.0661	2.4472
HGDP-Mbuti	279576	1.0898	1.1201	0.0478	2.8149	-2.0407	1.3013	2.7670	0.7764	-0.0306	-0.7349	3.0740	-0.4168	-1.4939	0.6167	0.5630	-0.2071	2.6432	1.2902
HGDP-Miao	279286	1.7050	1.1003	0.0042	-0.3704	-0.8068	-0.5711	-0.8774	2.6240	1.8637	3.6042	0.6691	1.2399	0.5700	3.5519	0.2141	0.0521	1.7739	3.2064
HGDP-Mongolian	279372	1.6924	1.1197	0.0017	-0.7505	-0.5982	-0.8914	-0.6111	2.6626	1.9215	3.7144	0.5851	1.2632	0.6179	3.3848	0.3138	-0.0432	1.7260	3.1097
HGDP-Mozabite	280047	1.3597	1.3373	0.0005	2.6782	-2.2958	1.0737	2.7591	1.9635	1.7655	3.5687	1.9275	-1.0032	-1.7976	0.5973	1.4971	-0.1481	-0.0669	-0.6638
HGDP-Naxi	279941	1.6952	1.1075	0.0018	-0.6388	-0.7539	-0.8949	-0.3941	2.6195	1.8205	3.6112	0.6614	1.2492	0.5696	3.4629	0.2333	0.0645	1.7465	3.1926
HGDP-Northern Han	279831	1.7010	1.1086	0.0024	-0.8049	-0.7176	-0.9168	-0.7454	2.6607	1.9129	3.6464	0.6428	1.2589	0.6017	3.5032	0.2621	0.0095	1.7426	3.1822
HGDP-Orcadian	280116	1.4770	1.4388	0.0032	2.5326	-2.3429	0.9228	2.6893	3.4815	2.7588	5.4342	-0.8893	-0.8700	-0.5068	1.0550	1.8773	-0.0906	-0.6276	-0.9367
HGDP-Oroqen	279669	1.6912	1.1241	0.0088	-0.8341	-0.3149	-0.9613	-0.5445	2.7509	1.9621	3.7173	0.5086	1.4726	0.7751	3.3690	0.3233	-0.1002	1.8124	3.1717
HGDP-Palestinian	279857	1.4243	1.3792	0.0060	2.6165	-2.2734	0.9955	2.6865	2.7991	2.1600	4.2424	1.7087	-1.0357	-1.4139	0.3204	1.6679	0.1441	-0.7218	-0.0104
HGDP-Papuan Highlands	279772	1.5501	1.2033	0.0711	1.2997	-0.6191	0.8939	0.9060	2.1238	1.5699	3.3232	0.9091	0.3779	-0.0325	0.8222	0.1526	0.6751	1.1471	2.4816
HGDP-Pathan	279714	1.4989	1.3485	0.0121	2.2127	-1.8709	0.7174	2.2755	3.0564	2.2904	4.5216	0.3913	-0.4994	-0.1759	0.1166	1.1202	0.7629	-0.2389	1.7869
HGDP-Pima	280049	1.6267	1.2435	0.0867	0.1391	-0.6130	-0.4215	0.4923	3.2307	2.3724	4.2953	-0.5924	1.0174	1.0808	2.8316	0.6929	-1.8934	3.1953	2.6993
HGDP-Russian	279972	1.4986	1.4076	-0.0004	2.2111	-2.1250	0.7342	2.4100	3.4543	2.6973	5.2872	-0.7944	-0.0591	0.9306	1.3187	1.7191	-0.0649	-0.3575	-0.3851
HGDP-Sardinian	280329	1.4553	1.4408	0.0141	2.6992	-2.4019	1.0477	2.8278	3.3517	2.6045	5.1584	0.8935	-1.1859	-1.7687	0.8223	1.8987	-0.2036	-1.0067	-1.7956
HGDP-She	279988	1.7067	1.0982	0.0056	-0.4132	-0.7561	-0.5613	-1.0024	2.6074	1.9099	3.5933	0.7174	1.2500	0.5486	3.5479	0.1939	0.0538	1.7615	3.2099
HGDP-Sindhi	279595	1.4976	1.3370	0.0127	2.2471	-1.7723	0.7366	2.2651	2.9580	2.1746	4.4010	0.5554	-0.5003	-0.2293	-0.1632	0.9808	0.8918	-0.1744	1.9951
HGDP-Surui	280035	1.6273	1.2554	0.1264	0.1052	-0.6435	-0.4387	0.4632	3.3121	2.3181	4.3148	-0.6437	1.0637	1.1965	2.8927	0.6330	-2.1875	3.6488	2.8640
HGDP-Tu	279997	1.6842	1.1248	0.0012	-0.6664	-0.8101	-0.8845	-0.3527	2.7128	1.9666	3.6879	0.6126	1.1755	0.5605	3.2937	0.3352	0.0356	1.6318	3.0609
HGDP-Tujia	279909	1.7057	1.0989	0.0038	-0.5686	-0.7720	-0.6947	-0.8883	2.6447	1.8625	3.6056	0.7216	1.2982	0.6260	3.5801	0.2236	0.0428	1.7901	3.2256
HGDP-Tuscan	280254	1.4628	1.4275	0.0046	2.5983	-2.3817	0.9754	2.7297	3.3454	2.5429	5.1172	0.5202	-1.0222	-1.1210	0.7527	1.8483	-0.0298	-0.9004	-0.9340
HGDP-Uygur	279543	1.5922	1.2475	-0.0073	0.7504	-1.2816	-0.0957	0.9870	3.0136	2.2289	4.2635	0.3319	0.3738	0.2729	1.9976	0.9003	0.1648	0.6879	2.0549
HGDP-Xibo	279223	1.6893	1.1235	0.0034	-0.7322	-0.4983	-0.8774	-0.5533	2.7077	1.9944	3.7389	0.5829	1.2625	0.6714	3.3594	0.3287	-0.0241	1.7009	3.0813
HGDP-Yakut	279189	1.6586	1.1679	0.0106	-0.4527	-0.4295	-0.7891	0.0099	2.8188	2.0574	3.9320	0.2932	1.3499	0.8276	2.9983	0.5172	-0.1319	1.5894	2.8411
HGDP-Yi	279566	1.6954	1.1054	0.0023	-0.6344	-0.7565	-0.8906	-0.4017	2.6358	1.9291	3.5736	0.6489	1.2299	0.5603	3.4582	0.2116	0.0628	1.7745	3.2187
HGDP-Yoruba	279288	1.0733	1.0981	0.0053	2.9119	-2.1074	1.3046	2.8377	-0.9415	-0.7840	0.0749	3.2175	-0.4216	-1.6006	0.5879	0.5034	-0.2733	2.7520	1.1532
TGP-ACB	282424	1.1202	1.1301	-0.0062	2.8666	-2.1191	1.2663	2.8020	-0.3287	0.2712	0.6785	2.7924	-0.4720	-1.4774	0.6299	0.6466	-0.2515	2.3773	0.9325
TGP-ASW	282424	1.1597	1.1562	-0.0125	2.8113	-2.1191	1.2198	2.7700	0.1990	0.3308	1.0471	2.4420	-0.4920	-1.3725	0.6878	0.7530	-0.2369	2.0937	0.7792
TGP-BEB	282424	1.5470	1.2624	-0.0022	1.7643	-1.3167	0.4967	1.6918	2.7359	2.0073	4.0505	0.5746	-0.0499	0.0019	0.3414	0.2718	1.0391	0.3947	2.4691
TGP-CDX	282424	1.7003	1.1015	0.0045	0.3202	-0.8118	-0.0885	-0.9758	2.5826	1.8367	3.5939	0.7211	1.1584	0.5242	3.4899	0.1836	0.1225	1.7033	3.1395
TGP-CEU	282424	1.4751	1.4385	0.0024	2.5441	-2.3606	0.9323	2.7200	3.4896	2.7402	5.4069	-0.7130	-0.8320	-0.5387	1.0557	1.8613	-0.0933	-0.6564	-0.9738
TGP-CHB	282424	1.7052	1.1019	0.0034	-0.7837	-0.7254	-0.8584	-0.8953	2.6287	1.8764	3.6224	0.6642	1.2812	0.6119	3.5618	0.2297	0.0103	1.7869	3.2160
TGP-CHS	282424	1.7072	1.0978	0.0030	-0.4559	-0.7538	-0.5740	-1.0072	2.6112	1.8625	3.5955	0.6894	1.2577	0.5850	3.5598	0.1977	0.0434	1.7777	3.2060
TGP-CLM	282424	1.4954	1.3574	0.0074	1.9273	-1.8811	0.5992	2.1328	3.1637	2.4343	4.7077	0.0743	-0.4290	-0.5645	1.4155	1.4622	-0.7111	0.5623	0.0254
TGP-ESN	282424	1.0735	1.0982	0.0045	2.9125	-2.0995	1.3072	2.8366	-0.9428	-0.9752	0.0650	3.2062	-0.4171	-1.5864	0.5726	0.4995	-0.2730	2.7413	1.1478
TGP-FIN	282424	1.4966	1.4158	0.0021	2.2497	-2.1547	0.7699	2.4556	3.4727	2.7320	5.3544	-0.9666	0.6232	0.5783	1.3714	1.7258	-0.1086	-0.3616	-0.5733
TGP-GBR	282424	1.4760	1.4388	0.0023	2.5456	-2.3505	0.9324	2.7052	3.4826	2.7291	5.4173	-0.7885	-0.8793	-0.5642	1.0628	1.8641	-0.0894	-0.6563	-0.9718
TGP-GIH	282424	1.5202	1.2961	0.0046	2.0556	-1.4885	0.6551	2.0391	2.8066	2.0395	4.1555	0.5935	-0.2839	-0.1016	-0.2787	-0.3728	1.1871	0.1009	2.4176
TGP-GWD	282424	1.0855	1.1072	0.0065	2.9053	-2.0934	1.2970	2.8238	-0.6512	0.3651	0.1888	3.1777	-0.4379	-1.6245	0.5658	0.5238	-0.2649	2.6695	1.0892
TGP-IBS	282424	1.4608	1.4295	0.0039	2.5974	-2.3560	0.9844	2.7432	3.3194	2.6105	5.1623	0.0729	-1.0171	-1.1525	0.9004	1.8365	-0.1328	-0.7108	-1.1937
TGP-ITU	282424	1.5251	1.2818	0.0078	2.0004	-1.3869	0.6339	1.9372	2.7286	1.9843	4.0301	0.7286	-0.2296	-0.1396	-0.5660	0.2696	1.2210	0.2048	2.5669
TGP-JPT	282424	1.7026	1.1027	0.0050	-0.7994	0.7844	-0.8193	-0.8642	2.6022	1.8786	3.6111	0.6741	1.3282	0.6156	3.3750	0.2022	-0.0110	1.8260	3.2176
TGP-KHV	282424	1.6978	1.1042	0.0017	0.2316	-0.7995	-0.1500	-0.9404	2.5869	1.8529	3.6060	0.6973	1.1366	0.5166	3.4281	0.1896	0.1305	1.6849	3.1340
TGP-LWK	282424	1.0989	1.1116	0.0031	2.8741	-2.0781	1.2749	2.7930	0.3459	-0.3625	-0.5886	3.1312	-0.4478	-1.5812	0.5594	0.5608	-0.2275	2.5362	1.1422
TGP-MSL	282424	1.0772	1.1005	0.0058	2.9044	-2.0935	1.3088	2.8298	-0.7024	0.5181	0.1374	3.1994	-0.4178	-1.5924	0.5852	0.5028	-0.2705	2.7327	1.1427
TGP-MXL	282424	1.5321	1.3091	0.0144	1.3677	-1.4980	0.2869	1.6156	3.1237	2.3739	4.4882	-0.0481	0.0328	-0.0752	1.8442	1.2008	.	1.4251	0.9316
TGP-PEL	282424	1.5912	1.2719	0.0539	0.6429	-1.0340	-0.1376	0.9826	3.2719	2.4537	4.4159	-0.4268	0.6335	0.6365	2.4706	0.9146	-1.7461	2.6394	2.0122
TGP-PJL	282424	1.5159	1.3091	0.0069	2.0748	-1.5764	0.6554	2.0702	2.8626	2.1403	4.2646	0.5010	-0.3335	-0.1221	-0.1260	0.6379	1.0170	0.0437	2.1840
TGP-PUR	282424	1.4434	1.3555	-0.0050	2.2710	-2.0772	0.8126	2.4269	2.8301	2.2484	4.4083	0.4292	-0.6586	-0.8936	1.1185	1.5163	-0.4169	.	-0.2999
TGP-STU	282424	1.5260	1.2786	0.0089	1.9725	-1.3487	0.6287	1.9054	2.7054	1.9826	4.0051	0.7318	-0.2062	-0.1371	-0.8584	0.2632	1.2126	0.2377	2.5576
TGP-TSI	282424	1.4629	1.4289	0.0060	2.6038	-2.3711	0.9718	2.7450	3.3507	2.6008	5.1152	0.5038	-1.0219	-1.1252	0.7451	1.8472	-0.0312	-0.9027	-0.9365
TGP-YRI	282424	1.0738	1.0983	0.0039	2.9123	-2.1056	1.3058	2.8357	-0.9434	-0.6252	0.0894	3.2173	-0.4253	-1.5937	0.5790	0.4972	-0.2753	2.7362	1.1376
